X>  Y>  op> X :  9.796020e+01 : 0x42c3eb9f : 0 : 0x85 : 0xc3eb9f : +1.530628 2^6
Y : -1.116687e+00 : 0xbf8eef9a : 1 : 0x7f : 0x8eef9a : -1.116687 2^0
S :  9.684351e+01 : 0x42c1afe1 : 0 : 0x85 : 0xc1afe1 : +1.513180 2^6
R :  9.684351e+01 : 0x42c1afe1 : 0 : 0x85 : 0xc1afe1 : +1.513180 2^6

X>  